2044563
5755
108607
261658
44689
5778
2762
38271
1157699
2584957
35688
45157
130081
3055
41880
554065
69332
3702
3197
49451
4097
41882
190327
1122280
233186
1255295
652834
3039
3037
5691
5763
5762
51637
505711
48483
875863
299833
1703429
1460289
2903
2027451
2853422
221722
136089
5741
5722
2049356
529818
1277256
28583
4932
5270
1485682
1246581
281847
691883
81824
192875
470921
72019
9606
5807
110365
5833
5811
5932
1172189
5888
5885
5911
505693
1169539
878477
31276
227086
37360
46433
478820
33653
556484
35128
44439
4787
5757
361072
13642
2786
31312
3111
3112
55564
56867
52970
299206
1008807
1239300
392300
143017
221724
127563
154970
74792
70075
5901
5905
5907
1542312
1492817
372086
12967
143163
143453
162120
660925
60186
3144
